  5.5397625e-004  0.0000000e+000
  5.5397945e-004  0.0000000e+000
  5.5398265e-004  0.0000000e+000
  5.5398585e-004  0.0000000e+000
  5.5398905e-004  0.0000000e+000
  5.5399225e-004  0.0000000e+000
  5.5399545e-004  0.0000000e+000
  5.5399865e-004  0.0000000e+000
  5.5400185e-004  0.0000000e+000
  5.5400505e-004  0.0000000e+000
  5.5400825e-004  0.0000000e+000
  5.5401145e-004  0.0000000e+000
  5.5401465e-004  0.0000000e+000
  5.5401785e-004  0.0000000e+000
  5.5402105e-004  0.0000000e+000
  5.5402425e-004  0.0000000e+000
  5.5402745e-004  0.0000000e+000
  5.5403065e-004  0.0000000e+000
  5.5403385e-004  0.0000000e+000
  5.5403705e-004  0.0000000e+000
  5.5404025e-004  0.0000000e+000
  5.5404345e-004  0.0000000e+000
  5.5404665e-004  0.0000000e+000
  5.5404985e-004  0.0000000e+000
  5.5405305e-004  0.0000000e+000
  5.5405625e-004  0.0000000e+000
  5.5405945e-004  0.0000000e+000
  5.5406265e-004  0.0000000e+000
  5.5406585e-004  0.0000000e+000
  5.5406905e-004  0.0000000e+000
  5.5407225e-004  0.0000000e+000
  5.5407545e-004  0.0000000e+000
  5.5407865e-004  0.0000000e+000
  5.5408185e-004  0.0000000e+000
  5.5408505e-004  0.0000000e+000
  5.5408825e-004  0.0000000e+000
  5.5409145e-004  0.0000000e+000
  5.5409465e-004  0.0000000e+000
  5.5409785e-004  0.0000000e+000
  5.5410105e-004  0.0000000e+000
  5.5410425e-004  0.0000000e+000
  5.5410745e-004  0.0000000e+000
  5.5411065e-004  0.0000000e+000
  5.5411385e-004  0.0000000e+000
  5.5411705e-004  0.0000000e+000
  5.5412025e-004  0.0000000e+000
  5.5412345e-004  0.0000000e+000
  5.5412665e-004  0.0000000e+000
  5.5412985e-004  0.0000000e+000
  5.5413305e-004  0.0000000e+000
  5.5413625e-004  0.0000000e+000
  5.5413945e-004  0.0000000e+000
  5.5414265e-004  0.0000000e+000
  5.5414585e-004  0.0000000e+000
  5.5414905e-004  0.0000000e+000
  5.5415225e-004  0.0000000e+000
  5.5415545e-004  0.0000000e+000
  5.5415865e-004  0.0000000e+000
  5.5416185e-004  0.0000000e+000
  5.5416505e-004  0.0000000e+000
  5.5416825e-004  0.0000000e+000
  5.5417145e-004  0.0000000e+000
  5.5417465e-004  0.0000000e+000
  5.5417785e-004  0.0000000e+000
  5.5418105e-004  0.0000000e+000
  5.5418425e-004  0.0000000e+000
  5.5418745e-004  0.0000000e+000
  5.5419065e-004  0.0000000e+000
  5.5419385e-004  0.0000000e+000
  5.5419705e-004  0.0000000e+000
  5.5420025e-004  0.0000000e+000
  5.5420345e-004  0.0000000e+000
  5.5420665e-004  0.0000000e+000
  5.5420985e-004  0.0000000e+000
  5.5421305e-004  0.0000000e+000
  5.5421625e-004  0.0000000e+000
  5.5421945e-004  0.0000000e+000
  5.5422265e-004  0.0000000e+000
  5.5422585e-004  0.0000000e+000
  5.5422905e-004  0.0000000e+000
  5.5423225e-004  0.0000000e+000
  5.5423545e-004  0.0000000e+000
  5.5423865e-004  0.0000000e+000
  5.5424185e-004  0.0000000e+000
  5.5424505e-004  0.0000000e+000
  5.5424825e-004  0.0000000e+000
  5.5425145e-004  0.0000000e+000
  5.5425465e-004  0.0000000e+000
  5.5425785e-004  0.0000000e+000
  5.5426105e-004  0.0000000e+000
  5.5426425e-004  0.0000000e+000
  5.5426745e-004  0.0000000e+000
  5.5427065e-004  0.0000000e+000
  5.5427385e-004  0.0000000e+000
  5.5427705e-004  0.0000000e+000
  5.5428025e-004  0.0000000e+000
  5.5428345e-004  0.0000000e+000
  5.5428665e-004  0.0000000e+000
  5.5428985e-004  0.0000000e+000
  5.5429305e-004  0.0000000e+000
  5.5429625e-004  0.0000000e+000
  5.5429945e-004  0.0000000e+000
  5.5430265e-004  0.0000000e+000
  5.5430585e-004  0.0000000e+000
  5.5430905e-004  0.0000000e+000
  5.5431225e-004  0.0000000e+000
  5.5431545e-004  0.0000000e+000
  5.5431865e-004  0.0000000e+000
  5.5432185e-004  0.0000000e+000
  5.5432505e-004  0.0000000e+000
  5.5432825e-004  0.0000000e+000
  5.5433145e-004  0.0000000e+000
  5.5433465e-004  0.0000000e+000
  5.5433785e-004  0.0000000e+000
  5.5434105e-004  0.0000000e+000
  5.5434425e-004  0.0000000e+000
  5.5434745e-004  0.0000000e+000
  5.5435065e-004  0.0000000e+000
  5.5435385e-004  0.0000000e+000
  5.5435705e-004  0.0000000e+000
  5.5436025e-004  0.0000000e+000
  5.5436345e-004  0.0000000e+000
  5.5436665e-004  0.0000000e+000
  5.5436985e-004  0.0000000e+000
  5.5437305e-004  0.0000000e+000
  5.5437625e-004  0.0000000e+000
  5.5437945e-004  0.0000000e+000
  5.5438265e-004  0.0000000e+000
  5.5438585e-004  0.0000000e+000
  5.5438905e-004  0.0000000e+000
  5.5439225e-004  0.0000000e+000
  5.5439545e-004  0.0000000e+000
  5.5439865e-004  0.0000000e+000
  5.5440185e-004  0.0000000e+000
  5.5440505e-004  0.0000000e+000
  5.5440825e-004  0.0000000e+000
  5.5441145e-004  0.0000000e+000
  5.5441465e-004  0.0000000e+000
  5.5441785e-004  0.0000000e+000
  5.5442105e-004  0.0000000e+000
  5.5442425e-004  0.0000000e+000
  5.5442745e-004  0.0000000e+000
  5.5443065e-004  0.0000000e+000
  5.5443385e-004  0.0000000e+000
  5.5443705e-004  0.0000000e+000
  5.5444025e-004  0.0000000e+000
  5.5444345e-004  0.0000000e+000
  5.5444665e-004  0.0000000e+000
  5.5444985e-004  0.0000000e+000
  5.5445305e-004  0.0000000e+000
  5.5445625e-004  0.0000000e+000
  5.5445945e-004  0.0000000e+000
  5.5446265e-004  0.0000000e+000
  5.5446585e-004  0.0000000e+000
  5.5446905e-004  0.0000000e+000
  5.5447225e-004  0.0000000e+000
  5.5447545e-004  0.0000000e+000
  5.5447865e-004  0.0000000e+000
  5.5448185e-004  0.0000000e+000
  5.5448505e-004  0.0000000e+000
  5.5448825e-004  0.0000000e+000
  5.5449145e-004  0.0000000e+000
  5.5449465e-004  0.0000000e+000
  5.5449785e-004  0.0000000e+000
  5.5450105e-004  0.0000000e+000
  5.5450425e-004  0.0000000e+000
  5.5450745e-004  0.0000000e+000
  5.5451065e-004  0.0000000e+000
  5.5451385e-004  0.0000000e+000
  5.5451705e-004  0.0000000e+000
  5.5452025e-004  0.0000000e+000
  5.5452345e-004  0.0000000e+000
  5.5452665e-004  0.0000000e+000
  5.5452985e-004  0.0000000e+000
  5.5453305e-004  0.0000000e+000
  5.5453625e-004  0.0000000e+000
  5.5453945e-004  0.0000000e+000
  5.5454265e-004  0.0000000e+000
  5.5454585e-004  0.0000000e+000
  5.5454905e-004  0.0000000e+000
  5.5455225e-004  0.0000000e+000
  5.5455545e-004  0.0000000e+000
  5.5455865e-004  0.0000000e+000
  5.5456185e-004  0.0000000e+000
  5.5456505e-004  0.0000000e+000
  5.5456825e-004  0.0000000e+000
  5.5457145e-004  0.0000000e+000
  5.5457465e-004  0.0000000e+000
  5.5457785e-004  0.0000000e+000
  5.5458105e-004  0.0000000e+000
  5.5458425e-004  0.0000000e+000
  5.5458745e-004  0.0000000e+000
  5.5459065e-004  0.0000000e+000
  5.5459385e-004  0.0000000e+000
  5.5459705e-004  0.0000000e+000
  5.5460025e-004  0.0000000e+000
  5.5460345e-004  0.0000000e+000
  5.5460665e-004  0.0000000e+000
  5.5460985e-004  0.0000000e+000
  5.5461305e-004  0.0000000e+000
  5.5461625e-004  0.0000000e+000
  5.5461945e-004  0.0000000e+000
  5.5462265e-004  0.0000000e+000
  5.5462585e-004  0.0000000e+000
  5.5462905e-004  0.0000000e+000
  5.5463225e-004  0.0000000e+000
  5.5463545e-004  0.0000000e+000
  5.5463865e-004  0.0000000e+000
  5.5464185e-004  0.0000000e+000
  5.5464505e-004  0.0000000e+000
  5.5464825e-004  0.0000000e+000
  5.5465145e-004  0.0000000e+000
  5.5465465e-004  0.0000000e+000
  5.5465785e-004  0.0000000e+000
  5.5466105e-004  0.0000000e+000
  5.5466425e-004  0.0000000e+000
  5.5466745e-004  0.0000000e+000
  5.5467065e-004  4.9103393e+002
  5.5467385e-004  5.2554556e+002
  5.5467705e-004  5.3783655e+002
  5.5468025e-004  5.4492051e+002
  5.5468345e-004  5.4885605e+002
  5.5468665e-004  5.4970370e+002
  5.5468985e-004  5.5049081e+002
  5.5469305e-004  5.5309432e+002
  5.5469625e-004  5.5799860e+002
  5.5469945e-004  5.6362945e+002
  5.5470265e-004  5.6883647e+002
  5.5470585e-004  5.7077396e+002
  5.5470905e-004  5.6980522e+002
  5.5471225e-004  5.6871538e+002
  5.5471545e-004  5.6907866e+002
  5.5471865e-004  5.7083451e+002
  5.5472185e-004  5.7277201e+002
  5.5472505e-004  5.7301419e+002
  5.5472825e-004  5.7186380e+002
  5.5473145e-004  5.7137943e+002
  5.5473465e-004  5.7125834e+002
  5.5473785e-004  5.6932084e+002
  5.5474105e-004  5.6641460e+002
  5.5474425e-004  5.6429546e+002
  5.5474745e-004  5.6272125e+002
  5.5475065e-004  5.6205524e+002
  5.5475385e-004  5.6308453e+002
  5.5475705e-004  5.6508257e+002
  5.5476025e-004  5.6629351e+002
  5.5476345e-004  5.6659624e+002
  5.5476665e-004  5.6689897e+002
  5.5476985e-004  5.6677788e+002
  5.5477305e-004  5.6532476e+002
  5.5477625e-004  5.6260016e+002
  5.5477945e-004  5.6060211e+002
  5.5478265e-004  5.6157086e+002
  5.5478585e-004  5.6496148e+002
  5.5478905e-004  5.6714116e+002
  5.5479225e-004  5.6623296e+002
  5.5479545e-004  5.6441656e+002
  5.5479865e-004  5.6393218e+002
  5.5480185e-004  5.6484038e+002
  5.5480505e-004  5.6526421e+002
  5.5480825e-004  5.6447710e+002
  5.5481145e-004  5.6399273e+002
  5.5481465e-004  5.6447710e+002
  5.5481785e-004  5.6508257e+002
  5.5482105e-004  5.6526421e+002
  5.5482425e-004  5.6508257e+002
  5.5482745e-004  5.6435601e+002
  5.5483065e-004  5.6332672e+002
  5.5483385e-004  5.6290289e+002
  5.5483705e-004  5.6247906e+002
  5.5484025e-004  5.6163141e+002
  5.5484345e-004  5.6138922e+002
  5.5484665e-004  5.6266070e+002
  5.5484985e-004  5.6393218e+002
  5.5485305e-004  5.6429546e+002
  5.5485625e-004  5.6393218e+002
  5.5485945e-004  5.6314508e+002
  5.5486265e-004  5.6290289e+002
  5.5486585e-004  5.6369000e+002
  5.5486905e-004  5.6459820e+002
  5.5487225e-004  5.6477984e+002
  5.5487545e-004  5.6435601e+002
  5.5487865e-004  5.6350836e+002
  5.5488185e-004  5.6260016e+002
  5.5488505e-004  5.6296344e+002
  5.5488825e-004  5.6429546e+002
  5.5489145e-004  5.6520367e+002
  5.5489465e-004  5.6526421e+002
  5.5489785e-004  5.6514312e+002
  5.5490105e-004  5.6568804e+002
  5.5490425e-004  5.6629351e+002
  5.5490745e-004  5.6605132e+002
  5.5491065e-004  5.6508257e+002
  5.5491385e-004  5.6453765e+002
  5.5491705e-004  5.6490093e+002
  5.5492025e-004  5.6532476e+002
  5.5492345e-004  5.6514312e+002
  5.5492665e-004  5.6477984e+002
  5.5492985e-004  5.6447710e+002
  5.5493305e-004  5.6399273e+002
  5.5493625e-004  5.6387164e+002
  5.5493945e-004  5.6393218e+002
  5.5494265e-004  5.6332672e+002
  5.5494585e-004  5.6272125e+002
  5.5494905e-004  5.6326617e+002
  5.5495225e-004  5.6477984e+002
  5.5495545e-004  5.6629351e+002
  5.5495865e-004  5.6732280e+002
  5.5496185e-004  5.6762553e+002
  5.5496505e-004  5.6714116e+002
  5.5496825e-004  5.6623296e+002
  5.5497145e-004  5.6544585e+002
  5.5497465e-004  5.6484038e+002
  5.5497785e-004  5.6429546e+002
  5.5498105e-004  5.6369000e+002
  5.5498425e-004  5.6369000e+002
  5.5498745e-004  5.6453765e+002
  5.5499065e-004  5.6562749e+002
  5.5499385e-004  5.6623296e+002
  5.5499705e-004  5.6635405e+002
  5.5500025e-004  5.6659624e+002
  5.5500345e-004  5.6677788e+002
  5.5500665e-004  5.6611187e+002
  5.5500985e-004  5.6490093e+002
  5.5501305e-004  5.6399273e+002
  5.5501625e-004  5.6423492e+002
  5.5501945e-004  5.6532476e+002
  5.5502265e-004  5.6599077e+002
  5.5502585e-004  5.6562749e+002
  5.5502905e-004  5.6453765e+002
  5.5503225e-004  5.6344781e+002
  5.5503545e-004  5.6278180e+002
  5.5503865e-004  5.6284234e+002
  5.5504185e-004  5.6356890e+002
  5.5504505e-004  5.6453765e+002
  5.5504825e-004  5.6544585e+002
  5.5505145e-004  5.6593023e+002
  5.5505465e-004  5.6562749e+002
  5.5505785e-004  5.6423492e+002
  5.5506105e-004  5.6253961e+002
  5.5506425e-004  5.6181305e+002
  5.5506745e-004  5.6241852e+002
  5.5507065e-004  5.6338726e+002
  5.5507385e-004  5.6423492e+002
  5.5507705e-004  5.6471929e+002
  5.5508025e-004  5.6471929e+002
  5.5508345e-004  5.6435601e+002
  5.5508665e-004  5.6411382e+002
  5.5508985e-004  5.6429546e+002
  5.5509305e-004  5.6490093e+002
  5.5509625e-004  5.6556695e+002
  5.5509945e-004  5.6586968e+002
  5.5510265e-004  5.6574859e+002
  5.5510585e-004  5.6532476e+002
  5.5510905e-004  5.6490093e+002
  5.5511225e-004  5.6435601e+002
  5.5511545e-004  5.6356890e+002
  5.5511865e-004  5.6278180e+002
  5.5512185e-004  5.6241852e+002
  5.5512505e-004  5.6253961e+002
  5.5512825e-004  5.6272125e+002
  5.5513145e-004  5.6260016e+002
  5.5513465e-004  5.6205524e+002
  5.5513785e-004  5.6157086e+002
  5.5514105e-004  5.6163141e+002
  5.5514425e-004  5.6223688e+002
  5.5514745e-004  5.6272125e+002
  5.5515065e-004  5.6247906e+002
  5.5515385e-004  5.6211578e+002
  5.5515705e-004  5.6181305e+002
  5.5516025e-004  5.6132867e+002
  5.5516345e-004  5.6108649e+002
  5.5516665e-004  5.6138922e+002
  5.5516985e-004  5.6181305e+002
  5.5517305e-004  5.6163141e+002
  5.5517625e-004  5.6090485e+002
  5.5517945e-004  5.6029938e+002
  5.5518265e-004  5.6029938e+002
  5.5518585e-004  5.6096539e+002
  5.5518905e-004  5.6169196e+002
  5.5519225e-004  5.6175250e+002
  5.5519545e-004  5.6114703e+002
  5.5519865e-004  5.6005719e+002
  5.5520185e-004  5.5787751e+002
  5.5520505e-004  5.5424471e+002
  5.5520825e-004  5.5012753e+002
  5.5521145e-004  5.4722129e+002
  5.5521465e-004  5.4588926e+002
  5.5521785e-004  5.4492051e+002
  5.5522105e-004  5.4328575e+002
  5.5522425e-004  5.4080334e+002
  5.5522745e-004  5.3765491e+002
  5.5523065e-004  5.3390101e+002
  5.5523385e-004  5.2954164e+002
  5.5523705e-004  5.2524283e+002
  5.5524025e-004  5.2173112e+002
  5.5524345e-004  5.1858269e+002
  5.5524665e-004  5.1494988e+002
  5.5524985e-004  5.1052997e+002
  5.5525305e-004  5.0544405e+002
  5.5525625e-004  4.9987375e+002
  5.5525945e-004  4.9394017e+002
  5.5526265e-004  4.8770386e+002
  5.5526585e-004  4.8086208e+002
  5.5526905e-004  4.7353593e+002
  5.5527225e-004  4.6572540e+002
  5.5527545e-004  4.5730940e+002
  5.5527865e-004  4.4822740e+002
  5.5528185e-004  4.3841883e+002
  5.5528505e-004  4.2788370e+002
  5.5528825e-004  4.1704583e+002
  5.5529145e-004  4.0651070e+002
  5.5529465e-004  3.9603612e+002
  5.5529785e-004  3.8447170e+002
  5.5530105e-004  3.7175688e+002
  5.5530425e-004  3.5831551e+002
  5.5530745e-004  3.4487414e+002
  5.5531065e-004  3.3034292e+002
  5.5531385e-004  3.1345039e+002
  5.5531705e-004  2.9788988e+002
  5.5532025e-004  2.8584108e+002
  5.5532345e-004  2.7324736e+002
  5.5532665e-004  2.5817123e+002
  5.5532985e-004  2.4733337e+002
  5.5533305e-004  2.4321619e+002
  5.5533625e-004  2.4018885e+002
  5.5533945e-004  2.3540566e+002
  5.5534265e-004  2.3038028e+002
  5.5534585e-004  2.2686857e+002
  5.5534905e-004  2.2456780e+002
  5.5535225e-004  2.2250921e+002
  5.5535545e-004  2.1984515e+002
  5.5535865e-004  2.1730219e+002
  5.5536185e-004  2.1578852e+002
  5.5536505e-004  2.1512251e+002
  5.5536825e-004  2.1439595e+002
  5.5537145e-004  2.1366939e+002
  5.5537465e-004  2.1251900e+002
  5.5537785e-004  2.1167135e+002
  5.5538105e-004  2.1155025e+002
  5.5538425e-004  2.1233736e+002
  5.5538745e-004  2.1282173e+002
  5.5539065e-004  2.1288228e+002
  5.5539385e-004  2.1366939e+002
  5.5539705e-004  2.1524360e+002
  5.5540025e-004  2.1554634e+002
  5.5540345e-004  2.1494087e+002
  5.5540665e-004  2.1500142e+002
  5.5540985e-004  2.1578852e+002
  5.5541305e-004  2.1675727e+002
  5.5541625e-004  2.1730219e+002
  5.5541945e-004  2.1566743e+002
  5.5542265e-004  2.1403267e+002
  5.5542585e-004  2.1584907e+002
  5.5542905e-004  2.1911859e+002
  5.5543225e-004  2.1936078e+002
  5.5543545e-004  2.1869477e+002
  5.5543865e-004  2.1984515e+002
  5.5544185e-004  2.2045062e+002
  5.5544505e-004  2.1990570e+002
  5.5544825e-004  2.1972406e+002
  5.5545145e-004  2.2202484e+002
  5.5545465e-004  2.2559709e+002
  5.5545785e-004  2.2820060e+002
  5.5546105e-004  2.2705021e+002
  5.5546425e-004  2.2632365e+002
  5.5546745e-004  2.2753459e+002
  5.5547065e-004  2.2892716e+002
  5.5547385e-004  2.2922990e+002
  5.5547705e-004  2.3074356e+002
  5.5548025e-004  2.3340762e+002
  5.5548345e-004  2.3431582e+002
  5.5548665e-004  2.3395254e+002
  5.5548985e-004  2.3486074e+002
  5.5549305e-004  2.3661660e+002
  5.5549625e-004  2.3758534e+002
  5.5549945e-004  2.3825136e+002
  5.5550265e-004  2.3794862e+002
  5.5550585e-004  2.3449746e+002
  5.5550905e-004  2.2692912e+002
  5.5551225e-004  2.1869477e+002
  5.5551545e-004  2.1179244e+002
  5.5551865e-004  2.0519285e+002
  5.5552185e-004  1.9726123e+002
  5.5552505e-004  1.9047999e+002
  5.5552825e-004  1.8908742e+002
  5.5553145e-004  1.9350733e+002
  5.5553465e-004  2.0065184e+002
  5.5553785e-004  2.0543503e+002
  5.5554105e-004  2.0725143e+002
  5.5554425e-004  2.0367918e+002
  5.5554745e-004  1.9344678e+002
  5.5555065e-004  1.7631206e+002
  5.5555385e-004  1.5820859e+002
  5.5555705e-004  1.4295081e+002
  5.5556025e-004  1.3205240e+002
  5.5556345e-004  1.2515008e+002
  5.5556665e-004  1.2115399e+002
  5.5556985e-004  1.1897431e+002
  5.5557305e-004  1.1800556e+002
  5.5557625e-004  1.1788447e+002
  5.5557945e-004  1.1806611e+002
  5.5558265e-004  1.1836884e+002
  5.5558585e-004  1.1861103e+002
  5.5558905e-004  1.1885322e+002
  5.5559225e-004  1.1933759e+002
  5.5559545e-004  1.1970087e+002
  5.5559865e-004  1.2012470e+002
  5.5560185e-004  1.2006415e+002
  5.5560505e-004  1.2030634e+002
  5.5560825e-004  1.2097235e+002
  5.5561145e-004  1.2309149e+002
  5.5561465e-004  1.2599773e+002
  5.5561785e-004  1.2956999e+002
  5.5562105e-004  1.3290006e+002
  5.5562425e-004  1.3616958e+002
  5.5562745e-004  1.3962074e+002
  5.5563065e-004  1.4367738e+002
  5.5563385e-004  1.4767346e+002
  5.5563705e-004  1.5112462e+002
  5.5564025e-004  1.5409141e+002
  5.5564345e-004  1.5705820e+002
  5.5564665e-004  1.6069100e+002
  5.5564985e-004  1.6456599e+002
  5.5565305e-004  1.6868317e+002
  5.5565625e-004  1.7249762e+002
  5.5565945e-004  1.7546441e+002
  5.5566265e-004  1.7812846e+002
  5.5566585e-004  1.8097416e+002
  5.5566905e-004  1.8448587e+002
  5.5567225e-004  1.8781594e+002
  5.5567545e-004  1.9017726e+002
  5.5567865e-004  1.9211475e+002
  5.5568185e-004  1.9423389e+002
  5.5568505e-004  1.9629248e+002
  5.5568825e-004  1.9744287e+002
  5.5569145e-004  1.9647412e+002
  5.5569465e-004  1.9653466e+002
  5.5569785e-004  6.6050421e+002
  5.5570105e-004  6.5947491e+002
  5.5570425e-004  6.6001983e+002
  5.5570745e-004  6.6129132e+002
  5.5571065e-004  6.6201788e+002
  5.5571385e-004  6.6129132e+002
  5.5571705e-004  6.6104913e+002
  5.5572025e-004  6.6298662e+002
  5.5572345e-004  6.6474248e+002
  5.5572665e-004  6.6419756e+002
  5.5572985e-004  6.6565068e+002
  5.5573305e-004  6.7273465e+002
  5.5573625e-004  0.0000000e+000
  5.5573945e-004  0.0000000e+000
  5.5574265e-004  0.0000000e+000
  5.5574585e-004  6.6316826e+002
  5.5574905e-004  6.7424831e+002
  5.5575225e-004  0.0000000e+000
  5.5575545e-004  0.0000000e+000
  5.5575865e-004  6.7812330e+002
  5.5576185e-004  6.7225027e+002
